00000111110111011000000000000000
00000100000000001000000000000000
00000100001000011000000000000001
00000100010000101000000000000010
00000100011000111000000000000011
00000100100001001000000000000100
00111100000000000000000000000000
00111100001000000000000000000000
00111100010000000000000000000000
00111100011000000000000000000000
00111100100000000000000000000000
01000000100000000000000000000000
01000000011000000000000000000000
01000000010000000000000000000000
01000000001000000000000000000000
01000000000000000000000000000000
10000000000000000000000000000000
